kinematics:
  shoulder:
    x: 0
    y: 0
    z: 0.16243785704057045
    roll: -0
    pitch: 0
    yaw: -2.9569804863016641e-07
  upper_arm:
    x: 0.00020439195189218064
    y: 0
    z: 0
    roll: 1.5700531498159682
    pitch: 0
    yaw: 5.7206858257392733e-06
  forearm:
    x: -0.42541457639542374
    y: 0
    z: 0
    roll: 3.1411447906855692
    pitch: 3.1398801957002367
    yaw: -3.141592533668391
  wrist_1:
    x: -0.39261694805524716
    y: -0.00020662133575187697
    z: 0.13358205094089173
    roll: 0.0015467734588249613
    pitch: -0.0015331559347015848
    yaw: -1.2608132446668615e-06
  wrist_2:
    x: 5.8945931257371031e-06
    y: -0.099822557437520845
    z: 9.700921059055894e-05
    roll: 1.5698245105787882
    pitch: 0
    yaw: 9.4989714054249951e-07
  wrist_3:
    x: 0.00011747568548061674
    y: 0.099482884178610897
    z: 0.00017449210494882502
    roll: 1.5725503162117602
    pitch: 3.1415926535897931
    yaw: 3.1415926322619967
  hash: calib_5379891728444742481
