kinematics:
  shoulder:
    x: 0
    y: 0
    z: 0.16245147788078129
    roll: -0
    pitch: 0
    yaw: -1.0925685470924984e-08
  upper_arm:
    x: 0.0001885809640950753
    y: 0
    z: 0
    roll: 1.5698600813571668
    pitch: 0
    yaw: -2.528528382228501e-06
  forearm:
    x: -0.4252628788222389
    y: 0
    z: 0
    roll: 0.00038918766710479359
    pitch: 0.0011635952919468863
    yaw: 2.2726301130571425e-06
  wrist_1:
    x: -0.3926857696443431
    y: -0.00030199670015838365
    z: 0.13353433220251965
    roll: 0.0022615621039668863
    pitch: -0.0019262918400910765
    yaw: 3.395792569727499e-06
  wrist_2:
    x: -3.8653744109842012e-05
    y: -0.099835765953936548
    z: 7.3430721209929769e-05
    roll: 1.570060811749094
    pitch: 0
    yaw: 1.1134057891978853e-06
  wrist_3:
    x: 5.4651696681118342e-05
    y: 0.099580454686608519
    z: 0.00017351893935740103
    roll: 1.5725388250018482
    pitch: 3.1415926535897931
    yaw: 3.1415926274316841
  hash: calib_4441775492581304718
